0.936 0.239 1
-0.279 -1.823 0
-0.578 -0.678 1
0.340 -0.938 1
0.083 0.827 1
-0.715 0.525 1
-0.557 -0.840 1
0.214 -1.731 0
0.606 1.672 0
0.221 0.867 1
0.528 0.712 1
1.393 0.798 0
-0.835 0.227 1
0.860 0.318 1
1.563 -0.801 0
0.057 0.993 1
-0.615 0.577 1
0.868 -0.311 1
1.792 0.371 0
1.627 -0.513 0
-1.531 1.168 0
0.460 0.760 1
0.398 -0.672 1
-1.676 0.469 0
1.976 -0.557 0
-0.533 0.827 1
0.705 0.451 1
-0.107 -1.044 1
1.776 -0.148 0
-1.751 0.674 0
-0.823 0.111 1
-0.553 -0.769 1
-1.467 1.042 0
-0.816 0.398 1
-0.383 -1.703 0
0.742 -0.667 1
-1.713 -0.074 0
0.999 -0.037 1
-0.756 0.533 1
0.947 0.438 1
0.913 1.540 0
-0.288 0.909 1
1.138 1.165 0
0.763 -0.730 1
-0.777 -0.282 1
1.141 -1.317 0
0.795 0.593 1
0.168 -1.649 0
-1.689 -0.441 0
1.339 -1.267 0
-1.167 -1.467 0
-0.796 0.018 1
-1.657 0.714 0
1.281 1.348 0
-0.934 1.546 0
-1.792 0.150 0
0.936 -0.087 1
-0.273 -0.904 1
2.028 -0.226 0
-0.481 0.765 1
-0.820 -0.437 1
0.296 -0.872 1
1.816 0.224 0
0.988 -0.251 1
-0.074 1.764 0
-0.895 0.428 1
-0.430 0.679 1
0.982 0.171 1
-0.859 -0.028 1
1.322 1.107 0
-1.635 -0.838 0
0.673 -0.504 1
1.584 -0.844 0
-0.366 -1.884 0
0.818 1.607 0
-0.580 -0.715 1
1.699 -0.795 0
1.651 0.268 0
0.658 1.789 0
-0.740 -1.696 0
1.543 -1.055 0
0.869 0.460 1
0.417 -0.811 1
-0.754 1.531 0
-0.736 -1.515 0
-1.407 0.938 0
-0.259 1.001 1
0.352 -1.854 0
-0.384 0.766 1
-0.357 -1.008 1
0.263 -0.912 1
-1.717 0.337 0
-0.715 -1.765 0
0.004 1.027 1
-1.697 -0.152 0
-0.775 -0.021 1
-0.613 -0.502 1
0.957 -1.456 0
0.260 -0.842 1
0.522 -0.870 1
-0.634 0.465 1
-0.065 -1.800 0
-1.393 0.981 0
-0.708 -0.528 1
1.330 1.165 0
-0.973 -1.628 0
0.468 -0.822 1
0.014 1.669 0
0.050 -0.880 1
-0.529 -0.590 1
1.382 -1.020 0
1.986 0.354 0
0.909 0.323 1
1.772 -0.488 0
0.017 1.791 0
0.234 1.846 0
0.262 0.876 1
0.510 -0.694 1
-1.448 -1.128 0
-0.961 0.187 1
-1.020 1.299 0
-0.013 0.862 1
0.124 1.716 0
1.180 1.379 0
0.992 0.011 1
-1.673 -0.542 0
1.599 -0.672 0
0.216 1.630 0
-0.325 1.600 0
1.587 0.420 0
0.799 0.316 1
1.714 -0.378 0
-1.251 1.466 0
-1.755 -0.126 0
-1.413 0.829 0
0.608 0.751 1
1.483 -1.275 0
-0.663 -1.621 0
0.899 -1.661 0
-1.562 0.488 0
-0.612 -0.483 1
1.696 -0.392 0
1.594 -0.965 0
-0.927 1.450 0
-0.619 -0.760 1
0.257 0.917 1
0.852 -0.227 1
-0.822 0.436 1
0.620 -1.817 0
0.063 -0.881 1
-0.755 -0.339 1
0.589 0.699 1
-0.399 0.950 1
-0.429 -0.804 1
0.195 1.793 0
0.284 0.762 1
-0.017 -0.926 1
0.492 -0.631 1
0.782 1.520 0
-0.049 -1.033 1
-0.136 0.931 1
-0.494 -0.625 1
-0.385 0.681 1
1.305 -1.304 0
0.627 0.668 1
0.878 -0.193 1
-0.509 1.585 0
-1.041 -1.569 0
0.291 1.770 0
1.665 0.499 0
-0.106 1.726 0
-0.799 0.444 1
1.236 1.499 0
1.526 0.784 0
-0.740 -0.608 1
-0.210 -1.736 0
-0.747 -0.253 1
-0.656 0.586 1
0.197 -0.746 1
-0.396 -0.941 1
-0.673 -0.436 1
1.862 0.365 0
0.325 1.819 0
-1.956 -0.142 0
-1.085 0.283 1
-0.855 0.372 1
-1.602 0.448 0
-0.296 1.775 0
0.610 0.746 1
-0.608 0.820 1
-1.899 -0.030 0
-1.821 0.177 0
-0.847 -1.598 0
0.328 -1.620 0
0.301 0.747 1
1.750 0.471 0
-0.589 0.339 1
-0.574 -0.609 1
0.673 1.623 0
-0.821 -0.073 1
-0.703 0.745 1
-1.564 0.953 0
0.807 0.377 1
-0.509 0.831 1
0.184 -0.832 1
0.376 -0.789 1
0.802 0.163 1
-0.146 -1.038 1
-0.179 1.817 0
0.044 -1.766 0
-0.718 -1.637 0
-1.718 0.239 0
-1.841 0.018 0
1.800 -0.491 0
0.283 0.874 1
1.655 0.403 0
1.088 -1.482 0
-1.455 0.786 0
0.082 1.070 1
0.881 -1.540 0
-1.431 -0.891 0
-0.812 0.007 1
0.973 -1.407 0
-1.209 1.170 0
0.847 -1.569 0
-1.641 0.665 0
0.410 1.551 0
1.789 0.051 0
1.418 -0.984 0
-0.946 -0.104 1
0.893 -1.662 0
0.878 0.223 1
-1.562 -0.965 0
-1.558 -1.078 0
0.552 -0.648 1
-0.761 -0.042 1
-0.724 -0.511 1
0.499 -1.553 0
0.984 0.061 1
1.622 0.139 0
0.678 0.521 1
-1.698 -0.758 0
-0.768 -0.377 1
-1.696 -0.365 0
-0.595 0.589 1
0.412 0.689 1
0.312 -0.857 1
-0.868 0.370 1
0.870 -0.691 1
0.167 0.861 1
1.722 -0.672 0
1.804 -0.290 0
-0.694 -1.663 0
-0.868 -0.377 1
0.846 0.186 1
-0.386 -1.753 0
-1.600 -0.396 0
-1.730 0.100 0
-1.655 -0.722 0
-0.100 0.790 1
0.847 -0.393 1
-0.549 -0.765 1
0.771 -0.654 1
-1.758 0.037 0
-1.203 1.487 0
-0.422 -0.826 1
1.185 -1.374 0
-1.719 0.536 0
1.387 -1.251 0
-0.188 0.937 1
-0.436 1.650 0
0.937 0.257 1
0.632 0.656 1
-0.057 -1.793 0
-0.517 -0.735 1
0.073 -0.818 1
0.256 -1.671 0
0.757 0.492 1
-0.675 -0.644 1
-0.618 -0.626 1
-0.677 0.401 1
0.142 -0.872 1
1.629 -0.476 0
-1.697 0.152 0
-0.690 0.536 1
0.868 -1.811 0
-0.554 -0.443 1
0.940 1.551 0
0.419 0.919 1
-0.717 -0.476 1
-1.729 -0.395 0
-0.671 0.507 1
-0.431 1.747 0
-0.943 -1.464 0
-1.387 -1.180 0
-0.832 0.433 1
-0.562 -1.775 0
0.803 0.534 1
0.519 1.762 0
-0.925 0.056 1
-0.590 0.408 1
-0.152 -0.882 1
-0.266 1.746 0
-0.025 -0.845 1
-0.251 -0.806 1
0.044 2.031 0
-1.800 -0.401 0
0.836 -0.218 1
0.576 -0.560 1
0.304 -0.804 1
1.663 -0.051 0
-0.896 0.394 1
0.783 -0.262 1
-1.761 0.928 0
1.452 -1.153 0
1.565 0.541 0
0.370 1.745 0
-1.177 -1.495 0
0.758 0.201 1
0.821 1.643 0
-0.373 -0.772 1
0.915 -1.362 0
-0.867 -1.550 0
0.376 -1.805 0
1.467 -1.067 0
0.756 0.004 1
-1.830 0.103 0
-0.438 -0.823 1
-1.517 -0.707 0
-0.619 -0.661 1
-0.052 1.048 1
0.665 -0.532 1
1.608 0.674 0
0.272 -1.837 0
-0.000 -1.656 0
-0.887 0.098 1
1.789 0.195 0
0.016 0.783 1
0.553 0.614 1
1.374 1.219 0
0.021 1.808 0
-1.455 0.793 0
-0.211 0.761 1
-0.549 -0.689 1
-1.554 0.810 0
0.371 -0.797 1
-0.361 1.906 0
-1.403 -0.847 0
-1.701 0.179 0
-1.372 -1.298 0
-0.193 -0.689 1
-0.365 -0.637 1
0.948 1.398 0
-1.656 -0.733 0
0.859 1.549 0
-0.959 0.028 1
0.441 0.798 1
1.726 0.192 0
-0.219 0.747 1
-1.650 0.631 0
0.486 1.857 0
-1.791 -0.643 0
1.741 0.451 0
0.724 -0.517 1
0.516 -0.593 1
-0.643 -1.675 0
0.831 -0.515 1
-1.428 1.101 0
0.918 -0.184 1
1.159 -1.146 0
0.175 0.710 1
-0.340 0.798 1
0.697 -0.686 1
-0.995 0.014 1
0.831 -0.285 1
0.947 0.121 1
0.123 -0.880 1
0.484 1.838 0
0.874 -1.657 0
1.335 0.998 0
0.580 -0.468 1
-1.587 -0.208 0
0.355 -1.798 0
-0.815 0.302 1
-1.398 -1.351 0
0.917 0.365 1
1.266 -1.396 0
-0.360 -0.819 1
0.515 -1.804 0
-0.901 -0.084 1
0.373 0.679 1
-1.247 1.342 0
-0.473 -0.760 1
0.448 0.810 1
-1.546 -0.596 0
1.272 1.086 0
-1.690 0.713 0
1.759 -0.181 0
0.140 1.788 0
1.220 -0.200 1
0.757 0.048 1
-0.557 1.730 0
1.646 0.623 0
1.685 0.137 0
-0.927 -0.188 1
-0.859 -0.469 1
-0.702 0.346 1
1.539 -0.885 0
0.073 -0.911 1
0.173 -0.969 1
0.484 0.745 1
-1.216 1.382 0
1.723 -0.658 0
-0.609 0.166 1
-0.411 -0.819 1
-1.671 0.702 0
-1.798 0.465 0
0.696 0.066 1
-0.640 -0.555 1
0.660 0.700 1
0.090 0.787 1
0.021 -0.906 1
-0.849 0.363 1
-0.072 0.948 1
-0.679 -1.735 0
-0.804 1.634 0
1.015 -1.474 0
0.382 0.756 1
-0.878 1.462 0
-1.653 0.510 0
0.364 -0.759 1
-0.014 -1.872 0
0.584 -1.703 0
0.272 0.789 1
-0.905 -0.057 1
0.171 1.819 0
-2.004 -0.040 0
-1.415 1.110 0
-1.308 -1.024 0
0.642 0.793 1
-0.561 0.707 1
-0.745 -1.735 0
-0.128 -1.108 1
-0.913 0.128 1
-0.713 0.429 1
1.259 1.356 0
-0.678 0.477 1
1.659 0.846 0
-1.738 0.225 0
-0.888 0.293 1
1.278 1.242 0
-1.131 -1.226 0
0.862 0.456 1
0.276 0.674 1
0.179 0.840 1
0.175 -0.819 1
-0.818 -0.205 1
0.413 -0.754 1
1.623 0.671 0
-0.866 -1.646 0
-0.919 0.077 1
1.629 -0.789 0
-1.841 -0.052 0
0.722 0.604 1
-1.239 -1.268 0
0.135 -0.918 1
-0.909 -1.549 0
-0.167 -0.918 1
-1.187 -1.276 0
-1.825 0.230 0
0.313 0.819 1
1.127 1.321 0
-1.668 0.483 0
0.819 0.679 1
-0.228 0.918 1
-0.164 -1.739 0
1.177 1.266 0
-0.415 0.792 1
0.206 -0.926 1
1.910 0.057 0
-0.027 0.853 1
-0.354 0.625 1
-0.963 1.502 0
0.766 -0.477 1
-0.108 -1.600 0
-0.870 -1.774 0
-0.563 0.736 1
0.649 0.608 1
-0.710 0.472 1
1.002 -0.259 1
1.547 -0.117 0
0.498 0.590 1
0.397 1.753 0
-0.105 0.904 1
-1.303 1.353 0
-1.757 -0.632 0
-1.743 -0.715 0
-0.127 -0.787 1
-0.445 0.801 1
-0.841 -0.016 1
0.848 -0.293 1
1.070 1.344 0
0.716 0.521 1
-0.242 -0.804 1
-1.453 -1.107 0
-1.187 1.256 0
0.790 0.239 1
0.656 0.416 1
-0.512 -0.649 1
0.506 -0.628 1
-1.222 1.308 0
-0.866 1.531 0
0.779 -0.537 1
0.609 -1.687 0
-0.466 0.773 1
-0.943 -0.552 1
-1.472 -0.900 0
-0.374 -0.715 1
0.711 0.341 1
1.462 0.800 0
-0.232 1.808 0
1.402 1.068 0
0.054 1.634 0
0.712 -0.040 1
-0.397 -0.726 1
-1.645 -0.441 0
1.762 0.413 0
0.025 -0.820 1
-0.720 -0.327 1
-0.793 1.451 0
-0.281 1.784 0
0.460 0.788 1
0.665 -1.726 0
0.775 -0.010 1
1.728 0.203 0
-0.932 -0.190 1
-1.345 1.162 0
0.890 -0.104 1
-0.085 -1.883 0
-0.927 -0.134 1
0.836 1.640 0
-1.283 -1.192 0
1.454 0.960 0
-0.884 0.505 1
-1.336 1.027 0
-1.443 -0.875 0
-0.246 -1.740 0
0.475 1.724 0
-0.652 0.619 1
-0.038 -1.818 0
-0.267 -0.731 1
-0.942 0.279 1
1.472 1.116 0
-0.973 0.425 1
-1.736 0.367 0
-0.733 1.661 0
-0.845 0.146 1
0.059 1.766 0
0.555 -0.882 1
-0.277 0.782 1
-0.868 -0.301 1
1.536 1.114 0
-0.799 -1.507 0
-0.140 0.968 1
0.719 0.510 1
-0.690 0.256 1
-1.696 0.683 0
1.445 1.015 0
0.255 -0.927 1
0.886 0.158 1
0.103 -0.750 1
-0.072 -1.797 0
1.153 1.167 0
-0.520 0.644 1
-0.908 0.097 1
-0.782 -1.510 0
0.611 0.685 1
0.652 1.708 0
0.945 -1.299 0
-0.595 -0.561 1
-1.612 -0.667 0
0.804 0.562 1
1.484 0.728 0
-0.756 -0.122 1
0.078 1.954 0
1.482 -1.030 0
-0.067 -1.924 0
0.072 -1.027 1
0.442 0.740 1
-0.620 -0.776 1
0.943 0.113 1
-0.264 0.819 1
0.993 1.302 0
-0.448 0.813 1
1.211 -1.306 0
-0.843 -0.498 1
-0.557 0.495 1
-1.471 1.030 0
-1.060 1.601 0
-0.048 -0.869 1
0.805 0.238 1
0.659 0.347 1
-0.573 1.507 0
-0.353 -1.044 1
0.889 0.106 1
1.574 -0.778 0
1.618 0.643 0
0.573 -0.719 1
0.780 -0.446 1
-0.785 0.491 1
-0.410 0.628 1
-1.308 1.199 0
-0.657 0.502 1
0.257 1.697 0
0.411 -0.901 1
-0.474 0.701 1
-0.368 -0.807 1
0.247 -0.975 1
1.086 1.312 0
-0.182 1.752 0
-1.238 -1.303 0
-0.528 1.627 0
-1.448 -0.871 0
1.508 -0.684 0
-1.795 0.374 0
0.056 -0.901 1
0.575 0.555 1
-1.445 0.937 0
1.531 -0.774 0
-0.977 -0.108 1
0.238 1.017 1
0.618 0.649 1
-1.580 -1.029 0
-0.318 0.808 1
-0.707 0.254 1
-1.531 0.519 0
1.700 0.853 0
1.144 -1.568 0
1.544 0.756 0
-0.948 0.073 1
0.002 -1.751 0
0.683 -0.449 1
0.655 -1.695 0
0.027 -1.738 0
-1.812 -0.070 0
0.283 -0.853 1
0.097 0.835 1
0.152 0.799 1
-1.445 1.016 0
0.323 -1.788 0
-0.975 -0.126 1
-0.010 1.756 0
0.755 0.441 1
-1.725 0.073 0
-1.362 -1.031 0
0.865 -0.102 1
-1.432 -0.903 0
-0.588 -1.770 0
0.841 -0.329 1
0.680 0.508 1
1.666 1.288 0
-0.168 -0.891 1
0.433 -0.614 1
-1.008 1.332 0
0.151 -0.903 1
-0.310 -1.882 0
1.098 1.466 0
0.379 -1.805 0
1.030 -0.263 1
-0.488 0.773 1
-1.117 1.511 0
0.948 -0.203 1
0.882 -0.369 1
0.748 0.169 1
0.845 -0.059 1
-0.080 -0.965 1
-0.183 0.801 1
-0.746 -1.407 0
-1.464 1.054 0
0.876 0.039 1
0.305 0.882 1
-1.491 0.647 0
0.213 -0.810 1
0.105 0.706 1
0.846 1.637 0
-1.469 1.035 0
0.859 -0.495 1
-1.652 0.569 0
0.769 -0.233 1
0.628 0.375 1
1.348 1.319 0
-0.839 -0.413 1
-1.715 -0.708 0
-1.636 1.007 0
1.673 0.732 0
0.248 -0.835 1
0.149 -1.647 0
0.211 0.983 1
0.244 -1.734 0
-0.325 -1.683 0
1.474 -1.141 0
-0.324 -0.908 1
1.324 -1.058 0
0.180 0.880 1
0.814 0.531 1
-1.512 -0.915 0
-0.753 0.403 1
-0.695 -0.270 1
0.928 0.148 1
-0.340 0.905 1
-0.567 0.686 1
-0.621 -1.565 0
1.211 -1.239 0
0.997 0.091 1
0.805 0.157 1
-0.399 0.674 1
1.827 0.414 0
-1.027 0.015 1
1.559 0.743 0
-0.357 -1.919 0
-0.895 -0.096 1
0.535 -0.586 1
1.719 0.103 0
-0.559 1.674 0
0.853 -0.228 1
0.509 0.818 1
1.428 1.277 0
0.170 -0.943 1
1.047 -0.207 1
0.817 -0.199 1
0.771 -0.356 1
-0.792 1.605 0
-0.488 -1.712 0
-0.376 1.699 0
-0.791 1.635 0
1.782 -0.001 0
-1.804 -0.085 0
0.609 0.491 1
-0.344 0.777 1
0.575 1.816 0
0.631 0.553 1
0.876 -1.580 0
0.927 1.589 0
-0.910 0.181 1
0.769 1.679 0
-0.076 -0.944 1
-1.678 -0.603 0
-0.639 -0.617 1
-1.131 -1.385 0
0.783 -0.135 1
-0.607 0.710 1
-1.492 -0.801 0
-1.768 0.676 0
-1.714 -0.308 0
-0.364 0.900 1
1.786 0.089 0
0.718 -0.501 1
-0.604 1.558 0
1.678 0.557 0
-0.460 0.890 1
-0.839 1.642 0
-0.640 0.678 1
1.019 0.112 1
0.229 -1.682 0
0.550 -0.787 1
1.720 -0.121 0
0.710 -0.234 1
-0.157 -1.785 0
1.961 0.168 0
0.551 -1.581 0
0.466 0.722 1
-0.322 1.797 0
1.765 0.214 0
0.835 -0.276 1
-0.543 -0.504 1
-0.493 -0.919 1
0.775 0.451 1
0.531 1.721 0
-0.702 -0.350 1
-0.964 -0.121 1
-0.464 -1.620 0
-1.212 1.317 0
-1.088 0.190 1
-0.657 -0.022 1
1.803 -0.296 0
-0.686 1.641 0
-0.187 1.701 0
0.816 -1.778 0
-1.282 1.298 0
0.962 -1.486 0
1.384 1.005 0
1.217 -1.438 0
-0.615 0.612 1
1.728 0.418 0
-0.878 -0.324 1
0.814 1.568 0
0.392 1.603 0
-1.714 0.120 0
1.286 1.152 0
-0.049 -0.835 1
0.065 -1.723 0
-0.857 1.763 0
1.130 1.335 0
0.980 1.431 0
0.798 -1.549 0
-1.093 -1.406 0
-0.940 0.150 1
0.857 -0.326 1
-0.784 0.120 1
1.277 1.067 0
0.572 0.702 1
0.682 0.727 1
0.816 0.256 1
0.719 0.824 1
1.701 -0.472 0
0.098 -0.937 1
1.718 -0.304 0
0.520 -0.827 1
0.389 -0.851 1
1.006 1.489 0
-0.352 1.079 1
-0.069 1.850 0
0.757 -0.706 1
0.147 0.927 1
-0.211 -0.855 1
1.598 -0.825 0
0.965 0.330 1
1.731 -0.272 0
-0.750 -0.412 1
0.816 -0.153 1
0.149 -1.811 0
1.482 1.002 0
-0.755 0.604 1
-1.603 0.853 0
-0.554 0.677 1
-1.733 0.253 0
-1.108 -1.415 0
-0.698 -1.709 0
0.472 -1.805 0
-1.152 1.285 0
0.583 0.599 1
1.183 1.384 0
-0.094 1.808 0
-0.843 -0.336 1
-0.677 -0.589 1
0.790 0.200 1
0.169 -0.775 1
1.002 1.679 0
-1.149 1.551 0
-1.055 -1.364 0
-0.885 -0.083 1
0.570 0.692 1
1.657 -0.384 0
0.790 -0.309 1
-0.301 0.811 1
0.574 1.564 0
1.676 -0.533 0
-1.647 -0.687 0
-0.152 -0.905 1
0.008 -0.795 1
-0.498 0.573 1
0.258 -0.826 1
0.740 -0.539 1
-0.024 0.798 1
-1.084 -1.527 0
0.519 1.726 0
0.230 0.860 1
0.413 0.868 1
0.377 0.768 1
0.368 0.950 1
0.655 0.720 1
-1.253 -1.354 0
0.539 0.481 1
-1.316 -1.194 0
-0.571 -0.588 1
-0.527 -0.552 1
0.428 -0.755 1
-1.733 -0.354 0
-0.887 0.188 1
-1.006 0.040 1
-0.757 0.500 1
0.825 -0.353 1
-0.714 -0.326 1
-0.341 0.807 1
0.478 -0.651 1
0.860 0.223 1
1.594 -0.509 0
1.828 0.321 0
1.723 -0.153 0
1.141 -1.420 0
-0.888 0.000 1
-0.395 -0.729 1
1.019 1.595 0
-1.215 -1.226 0
-0.424 -0.850 1
0.862 -0.128 1
-0.082 0.798 1
1.712 -0.219 0
1.832 -0.141 0
1.765 -0.343 0
0.472 -0.638 1
0.079 0.834 1
-0.685 0.606 1
-0.311 -0.885 1
0.609 0.279 1
0.696 -1.661 0
0.848 -0.006 1
1.337 -1.129 0
0.860 -0.134 1
0.623 0.386 1
1.853 -0.128 0
-1.298 1.373 0
-0.994 -0.082 1
1.741 -0.142 0
-0.294 0.866 1
-1.122 -1.616 0
0.395 1.760 0
-0.745 0.323 1
0.801 1.698 0
-1.652 0.695 0
1.588 -0.743 0
-0.867 1.417 0
-0.539 0.662 1
0.666 0.633 1
0.503 0.757 1
-0.125 0.884 1
0.734 -1.593 0
-0.335 -0.883 1
-0.788 0.021 1
1.413 -1.071 0
0.828 -0.250 1
-0.527 0.717 1
0.704 -1.605 0
0.661 -0.668 1
-0.629 -0.802 1
0.658 0.332 1
1.723 0.484 0
0.578 1.748 0
0.014 1.635 0
-0.582 -1.820 0
1.423 -1.094 0
1.892 0.629 0
-1.420 1.178 0
-0.105 -0.861 1
1.850 0.075 0
0.649 0.372 1
1.696 0.021 0
0.437 -0.703 1
-0.945 -1.503 0
1.566 -0.642 0
0.424 0.780 1
1.683 -0.019 0
-0.341 -0.760 1
-1.737 -0.385 0
-1.300 -1.205 0
0.447 0.567 1
1.751 -0.527 0
-0.493 1.864 0
1.445 -1.136 0
-0.995 -1.537 0
-0.532 1.593 0
1.043 0.078 1
-0.164 -0.786 1
-1.644 0.277 0
-1.144 -1.428 0
0.464 -1.681 0
-1.767 -0.022 0
-1.863 -0.009 0
0.442 -0.813 1
-0.397 -0.716 1
1.338 0.848 0
-0.918 -0.300 1
-0.802 -0.195 1
-0.665 0.746 1
0.611 -1.767 0
-0.709 -0.300 1
1.789 0.110 0
-1.130 -1.196 0
0.774 -0.604 1
-0.857 -0.359 1
0.799 1.696 0
1.894 0.190 0
0.922 1.407 0
-0.931 -1.528 0
0.118 -0.980 1
-0.426 -1.615 0
-1.484 0.709 0
-0.696 -0.618 1
0.038 -0.886 1
0.666 -0.497 1
0.682 -0.595 1
0.391 0.829 1
-0.968 0.229 1
-1.384 -0.858 0
-0.794 -1.749 0
-1.705 -0.382 0
1.429 1.044 0
-0.877 0.199 1
1.324 -1.331 0
0.593 0.767 1
0.280 0.751 1
1.004 0.005 1
-0.841 -0.490 1
-0.091 0.857 1
0.225 0.845 1
-0.758 0.231 1
0.703 0.430 1
0.832 0.354 1
0.957 0.252 1
1.091 1.368 0
1.580 0.761 0
0.002 -1.856 0
-1.670 -0.823 0
-0.615 -1.434 0
0.135 0.929 1
-1.517 0.783 0
-1.279 -1.174 0
0.521 -0.759 1
1.015 -1.229 0
-0.027 1.729 0
-0.793 -0.239 1
0.344 0.675 1
-0.740 -0.396 1
0.500 -1.753 0
0.919 -0.204 1
-0.533 -0.666 1
-0.339 0.841 1
0.878 -0.179 1
-1.506 0.874 0
0.910 0.287 1
1.395 -1.034 0
0.690 0.630 1
-1.404 -1.043 0
-1.423 -1.092 0
1.004 -1.330 0
-0.642 -0.752 1
-0.746 0.003 1
0.735 0.472 1
1.296 1.116 0
0.144 0.901 1
-1.582 0.808 0
0.062 -1.915 0
1.729 -0.453 0
1.417 -0.995 0
-0.656 0.541 1
-0.836 -0.424 1
-0.645 -0.564 1
-0.892 -1.555 0
0.829 -1.731 0
-1.917 -0.264 0
-0.599 -1.645 0
-0.114 1.874 0
-0.601 1.695 0
-0.442 0.732 1
-1.882 -0.180 0
1.703 -0.402 0
-1.590 -1.041 0
-1.529 -0.859 0
1.321 -1.169 0
1.608 -0.999 0
-1.068 1.293 0
1.783 0.337 0
-0.819 -0.439 1
-0.500 0.787 1
-0.140 0.850 1
-0.869 -0.170 1
-0.539 1.801 0
-1.875 0.430 0
-0.638 -0.461 1
-0.936 0.397 1
-0.769 0.448 1
0.095 0.735 1
1.327 -0.835 0
1.147 1.398 0
0.078 -0.884 1
1.777 0.570 0
0.202 -1.623 0
0.327 -0.874 1
0.786 -0.399 1
0.849 -0.575 1
-0.342 -1.644 0
0.813 -0.395 1
-0.836 0.164 1
-1.791 -0.001 0
-0.531 -0.799 1
0.238 -0.792 1
1.493 -0.930 0
-0.986 -1.450 0
-0.713 -0.297 1
-1.591 0.817 0
-0.649 0.484 1
0.101 -1.727 0
-0.805 -0.233 1
-1.286 -1.169 0
-0.475 0.704 1
1.450 1.049 0
1.640 0.155 0
0.128 -1.758 0
-0.110 1.003 1
-1.848 0.116 0
0.356 0.940 1
-0.473 -0.577 1
1.105 -0.169 1
-0.543 0.623 1
0.169 0.871 1
-0.201 -1.747 0
1.322 1.027 0
-0.964 -0.284 1
-0.996 -0.268 1
0.505 -0.633 1
0.717 -0.517 1
0.822 0.088 1
-0.930 1.583 0
0.985 1.509 0
1.785 -0.405 0
0.226 0.906 1
-0.220 -0.882 1
-0.611 0.760 1
-0.517 -0.559 1
0.639 -1.668 0
-1.390 1.296 0
1.634 0.724 0
1.088 -1.347 0
-0.757 0.415 1
0.614 0.775 1
-1.479 -0.941 0
-0.068 -0.864 1
-0.521 0.816 1
-1.661 -0.635 0
0.734 1.499 0
-1.789 0.128 0
0.526 -0.786 1
-1.084 0.118 1
0.763 0.245 1
-0.759 0.703 1
-0.644 -0.639 1
1.700 -0.378 0
0.338 0.775 1
-1.153 -1.284 0
0.678 0.637 1
0.358 -0.884 1
-0.221 -0.996 1
-0.692 -1.608 0
-1.882 0.277 0
1.191 1.049 0
1.279 -0.712 0
0.789 -1.600 0
-1.904 -0.185 0
-1.254 1.322 0
-0.894 -0.215 1
-0.343 -0.738 1
-1.658 -0.776 0
0.451 0.751 1
-1.814 0.650 0
0.106 -1.941 0
1.763 0.635 0
0.214 -0.736 1
0.491 -0.889 1
1.370 -1.135 0
-1.685 -0.581 0
-0.791 0.245 1
0.525 -0.810 1
0.897 -0.036 1
-0.253 0.905 1
-0.668 -1.523 0
-0.444 -1.631 0
0.911 0.054 1
-1.863 -0.115 0
0.860 0.076 1
-1.222 1.298 0
0.872 0.157 1
-1.059 1.615 0
1.552 0.896 0
-1.066 -1.493 0
-1.694 0.431 0
-0.836 -0.508 1
0.034 0.931 1
1.014 1.469 0
-1.406 -1.142 0
0.442 -0.874 1
0.003 1.949 0
0.370 -1.691 0
0.904 -1.361 0
0.576 -0.549 1
-0.983 1.618 0
-0.341 -0.623 1
-0.367 1.499 0
0.672 -0.494 1
-0.351 -0.797 1
0.774 -0.601 1
-1.582 0.828 0
-0.640 0.014 1
-0.660 -0.652 1
0.740 0.342 1
-1.344 -1.047 0
0.457 0.863 1
-1.701 0.654 0
1.649 -0.161 0
-1.370 1.062 0
-1.657 -0.749 0
1.783 -0.479 0
1.656 0.703 0
0.794 0.043 1
-1.682 -0.398 0
1.499 -1.057 0
-0.900 -1.427 0
0.009 -0.909 1
-1.200 1.366 0
-0.608 -1.779 0
0.196 0.776 1
-0.758 -0.332 1
1.556 -1.109 0
0.178 -0.867 1
0.746 -1.562 0
0.521 -0.709 1
-0.261 -0.907 1
-0.910 1.473 0
0.526 0.828 1
-0.783 0.409 1
0.980 -0.066 1
-0.559 -1.775 0
-1.773 -0.572 0
0.240 -1.818 0
-1.215 1.135 0
1.186 1.245 0
1.779 0.505 0
0.848 -0.355 1
-0.757 0.706 1
-1.153 -1.227 0
0.480 -0.598 1
0.779 0.612 1
-0.066 -1.711 0
0.938 0.265 1
-1.066 1.660 0
0.771 -0.408 1
-0.579 0.649 1
1.441 0.939 0
1.514 -0.870 0
-0.203 -0.635 1
0.397 -0.847 1
0.886 -1.387 0
-0.629 -0.361 1
-1.840 0.696 0
-0.411 -0.900 1
0.886 -0.125 1
-0.177 0.933 1
-0.307 1.905 0
1.654 0.813 0
0.534 -0.564 1
0.139 0.857 1
1.567 -0.926 0
-0.746 1.631 0
0.854 -0.535 1
-0.162 -1.853 0
-0.790 0.133 1
-0.247 0.754 1
0.873 -0.240 1
-0.182 -0.802 1
-0.443 -1.906 0
-0.498 1.713 0
0.520 -0.435 1
1.273 -1.333 0
-0.373 1.732 0
-0.195 -0.782 1
-0.413 0.859 1
-0.221 1.699 0
-0.717 -0.499 1
-1.660 -0.835 0
0.826 -0.045 1
0.931 -1.432 0
-0.873 -0.097 1
-0.202 0.856 1
-1.270 -1.266 0
0.173 -1.723 0
0.303 1.009 1
-1.111 1.325 0
1.809 0.306 0
0.201 0.849 1
-0.959 1.291 0
1.633 0.830 0
-0.257 1.961 0
1.280 -1.266 0
0.077 0.762 1
0.162 0.835 1
-2.004 -0.111 0
0.007 1.875 0
0.405 0.868 1
-0.814 -0.762 1
1.311 -1.209 0
0.558 1.636 0
0.823 1.513 0
1.659 0.867 0
-0.220 -0.940 1
-1.326 1.164 0
0.427 -1.785 0
1.572 0.880 0
-0.229 0.930 1
1.709 -0.151 0
-0.940 -0.434 1
-0.217 -0.946 1
-0.754 -0.429 1
-1.501 -1.109 0
1.668 0.337 0
-0.464 -1.767 0
0.787 0.137 1
1.424 -0.836 0
-0.749 0.410 1
0.593 -1.667 0
-1.641 -1.013 0
-0.144 0.932 1
0.959 1.518 0
0.591 1.753 0
-1.832 -0.632 0
0.372 -0.818 1
-0.644 0.531 1
-0.965 1.381 0
-0.204 0.916 1
-1.532 0.693 0
1.839 0.763 0
-0.973 1.357 0
-0.034 1.786 0
-1.566 0.605 0
0.714 -0.404 1
0.609 0.705 1
-0.693 0.526 1
-0.425 0.715 1
0.852 0.604 1
0.620 -0.335 1
0.564 -1.746 0
0.490 -1.748 0
0.290 -0.974 1
-0.840 0.330 1
-0.766 -1.465 0
1.499 0.937 0
1.008 -0.254 1
0.409 -1.624 0
0.687 -0.492 1
-1.835 0.487 0
-0.746 0.176 1
0.418 -0.875 1
0.336 1.850 0
-0.584 -0.640 1
-0.461 -1.560 0
1.733 -0.118 0
1.788 0.478 0
-1.761 -0.205 0
0.664 1.808 0
1.014 -1.336 0
-0.925 0.366 1
-0.106 1.861 0
1.829 -0.159 0
-0.004 0.779 1
-1.457 -0.772 0
-0.894 -0.012 1
-0.277 -0.849 1
0.641 -0.745 1
0.906 -1.671 0
0.290 1.726 0
0.708 0.403 1
1.134 1.343 0
0.857 -0.251 1
-1.690 0.473 0
-0.739 0.498 1
1.667 0.540 0
0.581 -0.661 1
1.204 -1.208 0
-1.094 -1.285 0
0.322 0.791 1
-0.474 1.629 0
-1.748 -0.168 0
0.853 -1.487 0
-1.039 0.019 1
-0.250 1.813 0
0.642 -0.614 1
-0.670 -0.523 1
0.842 -0.469 1
0.804 -0.753 1
0.945 0.223 1
0.452 -0.727 1
-0.607 -0.547 1
-0.872 0.204 1
1.359 0.936 0
-1.727 -0.828 0
0.775 -0.372 1
-0.581 -0.485 1
1.505 -0.545 0
-0.399 0.789 1
-1.703 0.521 0
-0.070 -1.592 0
-0.626 0.758 1
-0.049 1.786 0
0.026 -0.673 1
0.483 1.593 0
0.661 -0.616 1
0.318 1.776 0
-0.644 -1.588 0
-0.381 -1.706 0
0.334 -1.759 0
-0.447 -0.622 1
0.183 0.882 1
-0.184 0.940 1
0.756 0.552 1
-0.884 0.400 1
0.310 0.731 1
0.475 0.849 1
0.599 -0.626 1
-1.396 -1.288 0
-1.312 1.221 0
0.785 -0.273 1
1.215 -1.486 0
1.390 -1.281 0
-0.426 1.833 0
-0.679 1.829 0
0.225 1.032 1
-1.785 -0.227 0
-0.367 -0.645 1
0.489 -0.815 1
0.006 -0.736 1
0.711 1.642 0
-0.921 -0.191 1
0.413 0.746 1
0.983 -0.146 1
-0.786 -1.512 0
-0.059 -0.915 1
-1.819 -0.153 0
0.325 1.789 0
-0.932 1.648 0
-0.727 0.583 1
0.292 0.726 1
-0.334 -0.823 1
-0.018 1.752 0
-1.567 0.787 0
1.448 1.078 0
-0.925 -0.132 1
-0.850 -0.462 1
-0.826 0.540 1
1.759 -0.355 0
0.383 1.807 0
-1.675 -0.036 0
-0.250 1.735 0
1.648 -0.649 0
0.469 -0.805 1
0.685 -0.466 1
0.696 0.296 1
0.677 0.740 1
0.894 1.537 0
0.685 -0.535 1
-1.661 -0.591 0
-0.787 1.785 0
-0.866 -0.424 1
-1.542 0.851 0
0.637 0.547 1
-0.789 1.692 0
-0.885 0.145 1
-0.138 0.938 1
-1.663 -0.421 0
-0.641 -0.354 1
1.275 -1.277 0
0.354 -0.898 1
0.270 -0.773 1
0.216 1.765 0
-1.474 1.215 0
0.920 -0.058 1
-0.166 -0.834 1
-1.879 0.282 0
1.221 -1.470 0
0.181 0.851 1
0.369 0.878 1
-0.518 1.722 0
0.905 1.481 0
0.013 -0.940 1
1.008 1.434 0
-0.017 0.961 1
0.448 -1.565 0
1.002 0.317 1
1.668 0.374 0
1.403 -1.036 0
-0.766 0.686 1
-0.177 0.799 1
-0.693 -0.627 1
-1.342 -1.038 0
1.317 1.357 0
-0.785 -0.232 1
-0.852 0.382 1
-0.133 -1.790 0
1.951 -0.513 0
-0.741 -0.464 1
0.838 0.503 1
-1.757 0.185 0
-0.939 -0.316 1
-0.676 0.603 1
0.314 -0.754 1
-0.395 0.675 1
0.928 1.544 0
0.813 -0.064 1
1.450 -1.002 0
1.749 -0.628 0
-0.061 0.831 1
-0.923 1.623 0
-0.703 0.161 1
